conhc:     0.3893793721e+9
alphai:    132.233229791
alphamzi:  128.93
alphas:    0.118
gf:        1.1663787e-5
wz:        2.4942
ww:        2.0895
wh:        3.2e-3
wtp:       1.42

vud:       0.97446
vus:       0.22452
vcd:       0.22438
vcs:       0.97359
vcb:       0.04214
vub:       0.00365

mh:        125.25
mw:        80.379
mz:        91.1876
ma:        0.

mv:        91.1876

men:       1e-10
mel:       0.51099907e-3
mmn:       1e-10
mmo:       0.1056583
mtn:       1e-10
mta:       1.777
mup:       0.066
mdn:       0.066
mch:       1.67
mst:       0.15
mtp:       172.5
mbt:       4.78
