conhc:     0.3893793721e+9
alphai:    132.233229791
alphamzi:  128.82532
alphas:    0.118
gf:        1.1663787e-5
wz:        2.4932018986110700
ww:        2.0904310808144846
wh:        3.2e-3
wtp:       1.42


vud:       0.97446
vus:       0.222
vub:       0.00365
vcd:       0.22438
vcs:       0.97359
vcb:       0.04214
vtd:       0.00896
vts:       0.04133
vtb:       0.999105

mh:        125.25
mw:        79.906853549493746
mz:        91.153509740726733
ma:        0.

mv:        91.153509740726733

men:       1e-10
mel:       0.51099907e-3
mmn:       1e-10
mmo:       0.1056583
mtn:       1e-10
mta:       1.777
mup:       0.066
mdn:       0.066
mch:       1.67
mst:       0.15
mtp:       172.5
mbt:       4.78

